00404.jpg;333;413;394;476;1;52.0
00404.jpg;1252;413;1313;471;1;59.0
00405.jpg;981;605;1000;621;3;66.0
00405.jpg;899;607;921;623;1;170.0
00405.jpg;886;606;904;625;1;85.0
00406.jpg;5;602;30;623;1;156.0
00408.jpg;1130;481;1209;550;2;44.0
00408.jpg;124;461;212;542;2;43.0
00409.jpg;985;152;1061;212;2;127.0
00409.jpg;1221;153;1269;195;1;268.0
00409.jpg;923;171;957;208;1;283.0
00409.jpg;749;190;776;214;1;71.0
00409.jpg;817;184;841;214;1;216.0
00409.jpg;1306;128;1360;165;1;79.0
00409.jpg;1111;169;1133;196;1;306.0
00414.jpg;1032;421;1077;467;1;53.0
00416.jpg;197;457;228;487;2;99.0
00416.jpg;120;390;213;489;1;179.0
00416.jpg;813;505;849;542;1;83.0
00417.jpg;1099;105;1118;123;1;116.0
00417.jpg;1081;228;1112;265;1;181.0
00417.jpg;739;443;778;471;2;136.0
00418.jpg;1150;680;1184;707;1;134.0
00418.jpg;456;564;486;588;1;160.0
00418.jpg;455;538;494;569;1;162.0
00419.jpg;438;581;483;614;2;47.0
00419.jpg;978;489;1026;537;1;55.0
00423.jpg;1045;621;1070;646;3;89.0
00423.jpg;1201;618;1229;639;2;92.0
00423.jpg;362;471;447;546;2;100.0
00425.jpg;900;500;940;540;1;53.0
00428.jpg;325;547;353;575;1;165.0
00428.jpg;318;541;358;581;2;115.0
00429.jpg;426;598;459;625;3;64.0
00429.jpg;777;554;808;587;1;197.0
00429.jpg;700;534;724;559;1;388.0
00429.jpg;550;536;571;561;1;138.0
00429.jpg;577;456;619;486;1;341.0
00429.jpg;499;693;518;715;1;182.0
00429.jpg;466;433;503;470;1;300.0
00431.jpg;501;528;526;550;2;51.0
00431.jpg;1140;497;1179;534;1;154.0
00431.jpg;274;526;314;563;1;226.0
00432.jpg;631;467;662;494;3;113.0
00432.jpg;942;512;970;540;1;102.0
00433.jpg;749;592;773;613;1;230.0
00433.jpg;1009;501;1033;520;1;129.0
00433.jpg;946;571;989;602;3;77.0
00433.jpg;851;572;876;599;1;85.0
00433.jpg;509;532;566;584;1;190.0
00433.jpg;495;512;577;594;1;146.0
00434.jpg;355;512;398;554;2;57.0
00434.jpg;421;492;479;540;1;75.0
00434.jpg;629;533;647;552;1;202.0
00434.jpg;77;520;216;620;3;63.0
00434.jpg;795;541;825;569;2;169.0
00435.jpg;127;610;185;671;1;126.0
00435.jpg;827;526;869;566;2;80.0
00436.jpg;945;483;982;520;1;234.0
00436.jpg;798;482;831;510;1;98.0
00436.jpg;789;525;820;555;1;158.0
00438.jpg;479;584;525;627;1;111.0
00438.jpg;153;594;178;616;1;200.0
00439.jpg;1194;502;1248;562;1;187.0
00439.jpg;1177;483;1262;576;2;107.0
00440.jpg;1240;494;1322;563;1;132.0
00440.jpg;965;437;1005;471;1;237.0
00440.jpg;802;547;865;592;3;70.0
00440.jpg;677;576;705;601;1;242.0
00441.jpg;1060;531;1112;579;1;157.0
00441.jpg;1049;518;1122;588;2;82.0
00442.jpg;506;540;537;577;2;51.0
00442.jpg;75;567;103;594;1;215.0
00443.jpg;1079;534;1118;567;1;57.0
00443.jpg;724;538;749;566;2;80.0
00443.jpg;706;439;779;526;1;84.0
00443.jpg;1092;349;1116;377;1;95.0
00443.jpg;817;552;847;580;1;136.0
00444.jpg;965;565;1005;605;1;173.0
00444.jpg;379;531;424;573;2;49.0
00445.jpg;357;584;376;608;3;75.0
00445.jpg;590;558;621;582;1;243.0
00445.jpg;865;463;905;511;1;89.0
00445.jpg;201;509;262;569;2;96.0
00445.jpg;999;415;1033;440;1;388.0
00445.jpg;1123;424;1172;469;2;46.0
00445.jpg;1192;461;1229;489;2;69.0
00445.jpg;1019;497;1067;542;1;226.0
00445.jpg;213;520;253;551;1;147.0
00446.jpg;758;489;809;535;2;174.0
00447.jpg;684;400;717;428;2;133.0
00449.jpg;211;467;254;504;3;65.0
00449.jpg;1254;584;1285;606;1;312.0
00449.jpg;555;611;583;645;1;132.0
00451.jpg;10;553;44;586;1;102.0
00451.jpg;57;405;133;478;1;156.0
00451.jpg;44;642;83;670;1;51.0
00454.jpg;1119;430;1141;455;1;129.0
00454.jpg;1103;428;1125;455;1;234.0
00454.jpg;1099;505;1144;539;3;84.0
00454.jpg;719;531;794;598;1;79.0
00455.jpg;738;358;796;400;2;60.0
00455.jpg;142;551;172;582;1;220.0
00455.jpg;140;573;171;597;1;133.0
00455.jpg;19;500;68;548;3;60.0
00455.jpg;218;530;248;557;3;97.0
00457.jpg;1240;417;1301;475;1;88.0
00458.jpg;677;613;695;626;2;87.0
00458.jpg;364;555;388;582;3;74.0
00458.jpg;1235;440;1257;456;2;117.0
00458.jpg;1294;547;1319;571;1;182.0
00458.jpg;844;528;880;556;2;56.0
00458.jpg;885;590;918;612;2;64.0
00458.jpg;914;468;936;486;1;89.0
00459.jpg;307;669;322;687;2;41.0
00462.jpg;185;624;207;649;2;53.0
00463.jpg;451;633;488;660;1;128.0
00463.jpg;98;78;125;106;3;87.0
00464.jpg;64;598;85;619;2;73.0
00464.jpg;271;653;301;683;3;99.0
00464.jpg;464;603;516;648;2;104.0
00464.jpg;883;606;920;651;2;212.0
00464.jpg;985;695;1004;714;2;123.0
00464.jpg;757;698;776;716;2;134.0
00464.jpg;749;605;807;654;1;92.0
00464.jpg;1069;602;1136;647;3;83.0
00464.jpg;1018;694;1034;712;2;126.0
00464.jpg;377;601;422;638;3;60.0
00464.jpg;270;590;303;621;2;89.0
00464.jpg;137;644;161;668;3;76.0
00464.jpg;138;595;162;619;2;103.0
00465.jpg;942;593;984;635;2;84.0
00465.jpg;943;681;985;724;3;87.0
00465.jpg;1154;590;1197;636;1;279.0
00465.jpg;178;225;200;241;3;81.0
00465.jpg;15;145;34;169;1;116.0
00465.jpg;151;39;200;72;2;106.0
00465.jpg;1;602;37;633;3;60.0
00466.jpg;1213;397;1267;443;1;129.0
00466.jpg;171;657;192;681;1;60.0
00466.jpg;165;593;189;623;2;68.0
00466.jpg;1071;624;1117;675;2;150.0
00466.jpg;923;569;947;585;2;45.0
00466.jpg;514;466;548;497;1;109.0
00467.jpg;285;476;316;498;3;64.0
00468.jpg;427;579;457;604;2;68.0
00468.jpg;1122;501;1168;549;1;97.0
00468.jpg;1128;507;1164;543;1;95.0
00469.jpg;332;475;356;491;2;136.0
00469.jpg;1204;226;1249;272;1;161.0
00469.jpg;1206;401;1264;447;1;98.0
00469.jpg;723;606;747;630;1;283.0
00469.jpg;617;656;645;680;1;166.0
00469.jpg;293;635;311;656;1;191.0
00469.jpg;1;579;31;604;1;331.0
00470.jpg;824;489;846;513;1;111.0
00470.jpg;885;522;915;543;1;341.0
00470.jpg;765;351;789;372;1;227.0
00471.jpg;825;402;903;474;2;72.0
00471.jpg;838;401;899;461;2;122.0
00471.jpg;798;530;826;558;1;123.0
00471.jpg;400;565;427;589;1;65.0
00473.jpg;507;533;541;564;1;163.0
00473.jpg;1151;506;1184;537;1;135.0
00474.jpg;514;568;545;599;1;124.0
00474.jpg;1242;549;1275;580;1;51.0
00476.jpg;162;517;199;554;1;97.0
00476.jpg;1151;522;1187;558;1;64.0
00477.jpg;61;561;118;606;1;80.0
00477.jpg;296;505;339;545;1;53.0
00479.jpg;497;691;515;707;2;118.0
00479.jpg;742;667;770;701;2;90.0
00479.jpg;810;487;862;541;1;117.0
00479.jpg;958;608;979;624;2;58.0
00479.jpg;645;501;663;517;1;172.0
00480.jpg;1223;608;1256;633;2;155.0
00480.jpg;1053;443;1104;492;1;160.0
00480.jpg;1039;430;1114;502;2;98.0
00481.jpg;1104;565;1137;593;1;129.0
00481.jpg;906;491;949;540;2;73.0
00482.jpg;254;524;302;558;1;185.0
00482.jpg;1306;500;1346;533;3;62.0
00482.jpg;786;589;846;647;3;73.0
00483.jpg;149;510;203;562;1;73.0
00486.jpg;408;517;465;574;1;66.0
00487.jpg;219;620;270;668;1;72.0
00487.jpg;68;676;99;700;1;92.0
00488.jpg;836;612;858;634;3;69.0
00488.jpg;1301;575;1332;606;1;234.0
00488.jpg;1300;597;1340;643;1;71.0
00488.jpg;1300;630;1337;657;1;161.0
00493.jpg;59;271;105;302;1;111.0
00493.jpg;667;491;686;513;1;198.0
00493.jpg;1110;224;1159;276;1;142.0
00493.jpg;669;597;690;613;1;292.0
00493.jpg;188;290;221;315;1;99.0
00493.jpg;187;276;223;310;2;95.0
00493.jpg;61;363;97;403;3;84.0
00494.jpg;668;469;692;497;1;74.0
00494.jpg;774;519;798;549;1;230.0
00494.jpg;838;577;887;620;1;72.0
00494.jpg;787;597;806;621;1;119.0
00495.jpg;1171;531;1196;558;3;76.0
00495.jpg;122;541;185;599;2;85.0
00495.jpg;684;592;706;610;2;52.0
00496.jpg;996;541;1080;622;1;162.0
00496.jpg;508;534;550;576;1;200.0
00498.jpg;240;476;298;527;3;63.0
00502.jpg;556;601;593;641;3;74.0
00502.jpg;48;543;91;589;3;60.0
00502.jpg;62;568;89;601;2;82.0
00504.jpg;1307;109;1328;134;1;67.0
00505.jpg;773;336;792;357;1;248.0
00506.jpg;255;463;343;535;3;66.0
00507.jpg;878;476;932;524;1;98.0
00508.jpg;865;497;907;534;2;78.0
00509.jpg;833;490;876;527;2;55.0
00509.jpg;697;480;731;517;1;147.0
00509.jpg;705;504;736;529;2;76.0
00511.jpg;14;542;50;570;2;56.0
00511.jpg;195;347;271;411;2;46.0
00512.jpg;1132;485;1184;534;1;81.0
00512.jpg;229;484;269;523;1;80.0
00512.jpg;1135;490;1181;529;1;96.0
00515.jpg;1183;379;1231;430;1;300.0
00515.jpg;1215;513;1243;534;1;191.0
00515.jpg;1239;298;1294;353;1;215.0
00516.jpg;1274;482;1328;533;3;62.0
00516.jpg;1336;422;1354;441;1;151.0
00516.jpg;1316;504;1356;538;3;61.0
00520.jpg;435;453;463;478;3;68.0
00520.jpg;83;416;120;458;2;81.0
00521.jpg;945;565;976;595;1;64.0
00521.jpg;376;573;406;604;1;55.0
00523.jpg;453;514;502;562;1;151.0
00524.jpg;1210;518;1279;588;3;65.0
00524.jpg;185;528;240;583;1;178.0
00524.jpg;1217;528;1272;580;1;105.0
00525.jpg;563;480;585;499;2;42.0
00526.jpg;585;480;622;513;1;271.0
00527.jpg;875;425;903;455;1;175.0
00527.jpg;361;421;389;449;1;156.0
00528.jpg;195;510;223;537;1;95.0
00528.jpg;165;415;205;457;1;160.0
00528.jpg;984;337;1027;380;1;178.0
00528.jpg;948;519;970;537;1;141.0
00528.jpg;921;498;982;558;3;62.0
00530.jpg;1009;402;1043;433;1;210.0
00530.jpg;423;401;459;435;1;237.0
00531.jpg;907;433;931;452;1;195.0
00531.jpg;625;507;653;526;2;121.0
00533.jpg;586;707;607;731;1;174.0
00533.jpg;753;775;793;803;3;98.0
00533.jpg;710;689;738;710;1;299.0
00533.jpg;182;491;233;525;3;74.0
00533.jpg;476;704;510;734;2;55.0
00533.jpg;792;579;850;648;1;80.0
00533.jpg;539;363;572;397;1;162.0
00535.jpg;540;429;586;480;1;137.0
00535.jpg;113;435;141;454;3;62.0
00535.jpg;573;299;610;327;3;62.0
00536.jpg;525;386;552;413;1;169.0
00536.jpg;372;394;432;448;1;223.0
00536.jpg;1097;441;1127;462;3;77.0
00536.jpg;5;435;48;468;1;74.0
00536.jpg;1202;423;1229;447;1;168.0
00536.jpg;360;324;391;346;1;131.0
00536.jpg;340;323;371;350;1;167.0
00536.jpg;280;329;307;362;2;116.0
00538.jpg;95;504;143;541;2;111.0
00540.jpg;1324;785;1348;801;3;72.0
00544.jpg;76;287;112;311;1;66.0
00544.jpg;245;191;287;239;1;188.0
00544.jpg;1053;302;1120;359;1;143.0
00544.jpg;990;427;1026;460;1;138.0
00544.jpg;1085;510;1137;547;1;66.0
00545.jpg;1167;137;1200;168;1;224.0
00545.jpg;1164;43;1191;74;2;92.0
00545.jpg;1162;32;1189;53;1;212.0
00545.jpg;957;2;985;33;1;192.0
00545.jpg;963;78;994;108;1;237.0
00545.jpg;213;434;247;476;1;141.0
00546.jpg;1165;417;1204;462;2;52.0
00546.jpg;582;363;618;396;3;97.0
00546.jpg;580;405;611;433;1;58.0
00546.jpg;885;463;913;488;1;95.0
00547.jpg;1154;101;1191;128;3;71.0
00547.jpg;988;238;1016;262;1;62.0
00548.jpg;434;472;464;500;1;116.0
00548.jpg;670;593;716;633;2;195.0
00548.jpg;534;597;582;636;2;217.0
00548.jpg;775;440;803;461;1;358.0
00548.jpg;626;496;650;526;1;144.0
00548.jpg;625;467;649;495;1;92.0
00548.jpg;553;498;584;529;1;185.0
00548.jpg;550;461;592;510;1;219.0
00548.jpg;459;471;489;499;1;110.0
00548.jpg;463;502;488;533;1;125.0
00549.jpg;556;521;590;548;1;141.0
00550.jpg;1129;504;1169;541;1;177.0
00550.jpg;883;508;902;529;1;186.0
00550.jpg;882;492;904;514;1;184.0
00551.jpg;929;460;972;499;2;75.0
00552.jpg;532;510;557;529;1;161.0
00552.jpg;535;527;557;546;1;134.0
00552.jpg;812;508;834;526;1;146.0
00552.jpg;814;524;833;543;1;102.0
00555.jpg;896;565;951;623;2;138.0
00555.jpg;756;560;786;584;2;78.0
00556.jpg;609;586;643;613;3;74.0
00556.jpg;1193;569;1251;638;1;174.0
00556.jpg;1194;546;1254;612;1;149.0
00557.jpg;273;466;316;502;1;142.0
00558.jpg;1146;594;1204;666;1;63.0
00558.jpg;595;540;625;562;1;156.0
00560.jpg;882;466;906;487;1;124.0
00560.jpg;803;314;827;339;1;102.0
00560.jpg;807;531;835;556;2;81.0
00560.jpg;1034;174;1100;232;1;127.0
00560.jpg;780;403;805;422;1;59.0
00560.jpg;748;475;787;523;2;94.0
00561.jpg;913;771;949;796;1;106.0
00561.jpg;778;678;944;789;2;91.0
00561.jpg;334;515;364;537;1;89.0
00563.jpg;684;80;726;108;1;66.0
00564.jpg;913;469;995;536;3;75.0
00564.jpg;271;386;293;407;1;130.0
00564.jpg;755;371;798;408;1;128.0
00564.jpg;297;263;321;287;3;85.0
00564.jpg;278;259;305;277;2;64.0
00565.jpg;338;198;356;219;1;272.0
00565.jpg;1154;3;1178;30;3;61.0
00565.jpg;312;511;340;535;1;203.0
00566.jpg;120;413;162;456;2;99.0
00566.jpg;653;395;689;429;1;179.0
00566.jpg;124;418;157;451;1;129.0
00569.jpg;435;365;474;399;3;63.0
00570.jpg;877;416;917;449;1;257.0
00571.jpg;1227;86;1252;111;3;69.0
00571.jpg;1220;487;1242;505;1;281.0
